[1, 1, 1] 15 65 80 [0, 1, 2, 3, 5, 8, 9, 10, 11, 12, 19, 20, 21, 30, 50, 80, 89, 90, 91, 98, 99]
[3, 5, 5] 10 70 80 [0, 1, 2, 3, 5, 6, 8, 9, 10, 11, 12, 16, 19, 20, 21, 24, 30, 36, 38, 42, 44, 50, 60, 80, 90, 98, 99]
[2, 6, 6] 6 82 88 [0, 1, 2, 9, 10, 11, 12, 13, 15, 20, 22, 24, 26, 30, 34, 35, 36, 37, 42, 44, 46, 53, 54, 55, 56, 64, 65, 66, 67, 76, 88, 90, 96, 99]
[3, 5, 6] 6 91 97 [0, 1, 2, 3, 4, 5, 6, 7, 8, 10, 12, 13, 14, 15, 16, 17, 19, 20, 21, 25, 26, 29, 30, 31, 34, 35, 37, 40, 43, 46, 48, 50, 52, 54, 56, 58, 60, 62, 64, 66, 70, 75, 80, 85, 97, 98]
[4, 4, 5] 6 88 94 [0, 1, 2, 3, 4, 5, 6, 7, 8, 10, 12, 13, 14, 15, 16, 17, 20, 23, 24, 25, 28, 29, 30, 31, 32, 33, 34, 38, 40, 42, 46, 50, 52, 56, 59, 60, 61, 64, 70, 78, 80, 82, 94, 97]
[4, 5, 5] 6 91 97 [0, 1, 2, 3, 4, 5, 6, 7, 8, 10, 12, 13, 14, 15, 16, 17, 19, 20, 21, 25, 26, 29, 30, 31, 34, 35, 37, 40, 43, 46, 48, 50, 52, 54, 56, 58, 60, 62, 64, 66, 70, 75, 80, 85, 97, 98]
[1, 1, 2] 5 65 70 [0, 1, 2, 3, 4, 5, 6, 7, 8, 9, 10, 11, 12, 13, 15, 18, 19, 20, 21, 22, 29, 30, 31, 40, 45, 49, 50, 51, 55, 60, 70, 79, 80, 81, 88, 90, 92, 95, 97, 98, 99]
[1, 1, 3] 5 55 60 [0, 1, 2, 3, 4, 5, 6, 7, 8, 10, 12, 13, 14, 15, 17, 19, 20, 21, 23, 25, 27, 28, 29, 30, 31, 32, 33, 39, 40, 41, 50, 60, 69, 70, 71, 80, 87, 93, 96, 97, 98]
[1, 1, 5] 5 75 80 [0, 1, 2, 3, 4, 5, 6, 7, 8, 10, 12, 14, 15, 16, 18, 19, 20, 21, 22, 25, 30, 39, 40, 41, 45, 48, 49, 50, 51, 52, 55, 59, 60, 61, 70, 80, 85, 94, 95, 96, 98]
[1, 2, 2] 5 65 70 [0, 1, 2, 3, 4, 5, 6, 7, 8, 9, 10, 11, 12, 13, 15, 18, 19, 20, 21, 22, 29, 30, 31, 40, 45, 49, 50, 51, 55, 60, 70, 79, 80, 81, 88, 90, 92, 95, 97, 98, 99]
[1, 2, 3] 5 65 70 [0, 1, 2, 3, 4, 5, 6, 7, 8, 9, 10, 11, 12, 14, 15, 16, 17, 18, 19, 20, 21, 22, 23, 24, 25, 28, 30, 32, 38, 39, 40, 41, 42, 48, 49, 50, 51, 52, 60, 70, 78, 80, 82, 90, 95, 96, 98, 99]
[1, 3, 4] 5 55 60 [0, 1, 2, 3, 4, 5, 6, 7, 8, 10, 12, 13, 14, 15, 17, 19, 20, 21, 23, 25, 27, 28, 29, 30, 31, 32, 33, 39, 40, 41, 50, 60, 69, 70, 71, 80, 87, 93, 96, 97, 98]
[2, 2, 5] 5 75 80 [0, 1, 2, 3, 4, 5, 6, 7, 8, 10, 12, 14, 15, 16, 18, 19, 20, 21, 22, 25, 30, 39, 40, 41, 45, 48, 49, 50, 51, 52, 55, 59, 60, 61, 70, 80, 85, 94, 95, 96, 98]
[2, 3, 5] 5 85 90 [0, 1, 2, 3, 4, 7, 8, 9, 10, 11, 12, 15, 19, 20, 21, 24, 25, 26, 30, 35, 40, 44, 45, 46, 48, 52, 54, 55, 56, 65, 70, 75, 80, 90, 98, 99]
[3, 3, 3] 5 65 70 [0, 1, 2, 3, 4, 5, 6, 7, 8, 9, 10, 11, 12, 13, 15, 18, 19, 20, 21, 22, 29, 30, 31, 40, 45, 49, 50, 51, 55, 60, 70, 79, 80, 81, 88, 90, 92, 95, 97, 98, 99]
[3, 3, 4] 5 65 70 [0, 1, 2, 3, 4, 5, 6, 7, 8, 9, 10, 11, 12, 14, 15, 16, 17, 18, 19, 20, 21, 22, 23, 24, 25, 28, 30, 32, 38, 39, 40, 41, 42, 48, 49, 50, 51, 52, 60, 70, 78, 80, 82, 90, 95, 96, 98, 99]
[3, 4, 6] 5 65 70 [0, 1, 2, 3, 4, 5, 6, 7, 8, 9, 10, 11, 12, 14, 15, 16, 17, 18, 19, 20, 21, 22, 23, 24, 25, 28, 30, 32, 38, 39, 40, 41, 42, 48, 49, 50, 51, 52, 60, 70, 78, 80, 82, 90, 95, 96, 98, 99]
[4, 4, 4] 5 85 90 [0, 1, 2, 4, 5, 6, 8, 9, 10, 12, 13, 14, 15, 16, 17, 20, 23, 24, 26, 27, 28, 30, 32, 35, 36, 38, 40, 42, 44, 45, 46, 49, 50, 51, 54, 60, 68, 72, 75, 80, 90, 95, 96, 98]
[4, 5, 6] 5 75 80 [0, 1, 2, 3, 4, 5, 6, 7, 8, 9, 10, 11, 12, 13, 14, 15, 18, 19, 20, 21, 24, 25, 26, 29, 30, 31, 35, 36, 40, 45, 47, 50, 51, 53, 54, 57, 58, 60, 62, 63, 66, 69, 70, 80, 84, 88, 90, 92, 96, 97, 98]
[1, 1, 4] 4 55 59 [0, 2, 3, 4, 5, 6, 7, 8, 13, 14, 15, 16, 20, 24, 25, 26, 29, 30, 31, 35, 36, 38, 39, 40, 41, 42, 44, 49, 50, 51, 59, 60, 61, 70, 75, 80, 86, 94, 95, 96, 97]
[1, 1, 6] 4 34 30 [0, 2, 3, 4, 5, 6, 7, 8, 12, 14, 15, 16, 17, 20, 25, 26, 30, 39, 40, 41, 49, 50, 51, 54, 58, 59, 60, 61, 62, 66, 69, 70, 71, 80, 84, 93, 94, 95, 96]
[1, 2, 5] 4 66 70 [1, 2, 3, 4, 5, 6, 7, 8, 9, 10, 12, 14, 15, 16, 17, 18, 19, 20, 21, 23, 24, 25, 26, 27, 28, 30, 32, 34, 35, 37, 38, 39, 40, 41, 42, 43, 45, 46, 48, 49, 50, 51, 52, 54, 58, 59, 60, 61, 62, 70, 75, 76, 78, 79, 80, 81, 82, 84, 90, 92, 94, 95, 96, 98]
[1, 3, 6] 4 54 50 [0, 1, 2, 4, 5, 6, 7, 8, 9, 10, 11, 12, 15, 16, 17, 19, 20, 21, 23, 26, 27, 28, 32, 33, 34, 37, 39, 40, 43, 50, 59, 60, 61, 67, 70, 73, 75, 80, 87, 89, 90, 91, 93, 94, 99]
[1, 5, 5] 4 55 59 [0, 2, 3, 4, 5, 6, 7, 8, 13, 14, 15, 16, 20, 24, 25, 26, 29, 30, 31, 35, 36, 38, 39, 40, 41, 42, 44, 49, 50, 51, 59, 60, 61, 70, 75, 80, 86, 94, 95, 96, 97]
[1, 5, 6] 4 66 70 [1, 2, 3, 4, 5, 6, 7, 8, 9, 10, 12, 14, 15, 16, 17, 18, 19, 20, 21, 23, 24, 25, 26, 27, 28, 30, 32, 34, 35, 37, 38, 39, 40, 41, 42, 43, 45, 46, 48, 49, 50, 51, 52, 54, 58, 59, 60, 61, 62, 70, 75, 76, 78, 79, 80, 81, 82, 84, 90, 92, 94, 95, 96, 98]
[2, 2, 2] 4 50 54 [0, 1, 2, 6, 7, 8, 9, 10, 11, 12, 15, 16, 17, 18, 20, 21, 24, 26, 29, 34, 35, 36, 37, 43, 44, 45, 46, 54, 56, 60, 64, 65, 70, 75, 79, 80, 81, 84, 90, 92, 99]
[2, 2, 4] 4 70 74 [0, 1, 2, 3, 4, 5, 8, 9, 10, 11, 12, 14, 15, 16, 18, 19, 20, 21, 23, 24, 25, 28, 30, 31, 33, 34, 35, 36, 40, 44, 45, 46, 47, 50, 54, 55, 56, 57, 63, 64, 65, 66, 74, 76, 80, 84, 85, 90, 98, 99]
[2, 3, 6] 4 50 54 [0, 1, 2, 3, 4, 8, 9, 10, 11, 12, 13, 14, 15, 20, 21, 22, 24, 25, 26, 29, 30, 31, 32, 34, 35, 36, 40, 43, 44, 45, 46, 54, 55, 56, 57, 58, 62, 64, 65, 66, 70, 75, 80, 85, 88, 89, 90, 99]
[2, 4, 4] 4 34 30 [0, 2, 3, 4, 5, 6, 7, 8, 12, 14, 15, 16, 17, 20, 25, 26, 30, 39, 40, 41, 49, 50, 51, 54, 58, 59, 60, 61, 62, 66, 69, 70, 71, 80, 84, 93, 94, 95, 96]
[2, 5, 5] 4 70 74 [0, 1, 2, 3, 4, 5, 8, 9, 10, 11, 12, 14, 15, 16, 18, 19, 20, 21, 23, 24, 25, 28, 30, 31, 33, 34, 35, 36, 40, 44, 45, 46, 47, 50, 54, 55, 56, 57, 63, 64, 65, 66, 74, 76, 80, 84, 85, 90, 98, 99]
[2, 5, 6] 4 50 54 [0, 1, 2, 3, 4, 8, 9, 10, 11, 12, 13, 14, 15, 20, 21, 22, 24, 25, 26, 29, 30, 31, 32, 34, 35, 36, 40, 43, 44, 45, 46, 54, 55, 56, 57, 58, 62, 64, 65, 66, 70, 75, 80, 85, 88, 89, 90, 99]
[3, 3, 6] 4 66 70 [1, 2, 3, 4, 5, 6, 7, 8, 9, 10, 12, 14, 15, 16, 17, 18, 19, 20, 21, 23, 24, 25, 26, 27, 28, 30, 32, 34, 35, 37, 38, 39, 40, 41, 42, 43, 45, 46, 48, 49, 50, 51, 52, 54, 58, 59, 60, 61, 62, 70, 75, 76, 78, 79, 80, 81, 82, 84, 90, 92, 94, 95, 96, 98]
[3, 6, 6] 4 66 70 [0, 1, 3, 4, 5, 6, 7, 8, 10, 12, 14, 15, 16, 18, 19, 21, 22, 25, 26, 28, 30, 32, 36, 39, 40, 41, 44, 45, 48, 50, 52, 55, 58, 60, 62, 70, 72, 76, 78, 80, 82, 84, 88, 96, 98]
[5, 6, 6] 4 66 70 [1, 2, 3, 4, 5, 6, 7, 8, 9, 10, 12, 14, 15, 16, 17, 18, 19, 20, 21, 23, 24, 25, 26, 27, 28, 30, 32, 34, 35, 37, 38, 39, 40, 41, 42, 43, 45, 46, 48, 49, 50, 51, 52, 54, 58, 59, 60, 61, 62, 70, 75, 76, 78, 79, 80, 81, 82, 84, 90, 92, 94, 95, 96, 98]
[6, 6, 6] 4 66 70 [0, 1, 3, 4, 5, 6, 7, 8, 10, 12, 14, 15, 16, 18, 19, 21, 22, 25, 26, 28, 30, 32, 36, 39, 40, 41, 44, 45, 48, 50, 52, 55, 58, 60, 62, 70, 72, 76, 78, 80, 82, 84, 88, 96, 98]
[1, 2, 6] 3 65 62 [0, 1, 2, 3, 4, 5, 6, 7, 8, 9, 10, 11, 12, 13, 14, 15, 16, 17, 18, 20, 22, 24, 25, 26, 29, 30, 31, 35, 38, 39, 40, 41, 42, 45, 47, 48, 49, 50, 51, 52, 53, 55, 58, 60, 62, 69, 70, 71, 75, 80, 85, 90, 93, 95, 96, 97, 98, 99]
[1, 4, 4] 3 96 99 [0, 1, 2, 3, 5, 6, 7, 8, 9, 10, 11, 12, 13, 15, 16, 17, 18, 20, 22, 24, 25, 26, 27, 28, 30, 32, 33, 34, 35, 36, 37, 38, 42, 43, 44, 47, 50, 52, 53, 55, 57, 60, 63, 65, 66, 69, 70, 71, 74, 75, 76, 80, 85, 88, 90, 93, 99]
[1, 4, 6] 3 85 82 [1, 2, 3, 4, 5, 6, 7, 8, 9, 10, 12, 13, 14, 15, 17, 18, 19, 20, 21, 23, 24, 25, 26, 28, 29, 30, 31, 34, 35, 36, 37, 40, 42, 43, 46, 47, 48, 49, 50, 51, 53, 56, 57, 58, 60, 62, 63, 64, 67, 70, 73, 75, 76, 78, 80, 82, 89, 90, 91, 95, 97, 98]
[1, 6, 6] 3 96 99 [0, 1, 2, 3, 5, 6, 7, 8, 9, 10, 11, 12, 13, 15, 16, 17, 18, 20, 22, 24, 25, 26, 27, 28, 30, 32, 33, 34, 35, 36, 37, 38, 42, 43, 44, 47, 50, 52, 53, 55, 57, 60, 63, 65, 66, 69, 70, 71, 74, 75, 76, 80, 85, 88, 90, 93, 99]
[2, 2, 3] 3 85 82 [0, 1, 2, 5, 6, 7, 8, 9, 10, 11, 12, 15, 16, 18, 19, 20, 21, 24, 25, 28, 30, 34, 35, 36, 38, 42, 44, 45, 46, 47, 50, 53, 54, 55, 56, 60, 64, 65, 70, 75, 78, 79, 80, 81, 82, 89, 90, 91, 92, 99]
[2, 2, 6] 3 65 62 [0, 1, 2, 3, 4, 5, 6, 7, 8, 9, 10, 11, 12, 13, 14, 15, 16, 17, 18, 20, 22, 24, 25, 26, 29, 30, 31, 35, 38, 39, 40, 41, 42, 45, 47, 48, 49, 50, 51, 52, 53, 55, 58, 60, 62, 69, 70, 71, 75, 80, 85, 90, 93, 95, 96, 97, 98, 99]
[2, 3, 4] 3 85 82 [0, 1, 2, 5, 6, 7, 8, 9, 10, 11, 12, 15, 16, 18, 19, 20, 21, 24, 25, 28, 30, 34, 35, 36, 38, 42, 44, 45, 46, 47, 50, 53, 54, 55, 56, 60, 64, 65, 70, 75, 78, 79, 80, 81, 82, 89, 90, 91, 92, 99]
[2, 4, 6] 3 85 82 [1, 2, 3, 4, 5, 6, 7, 8, 9, 10, 12, 13, 14, 15, 17, 18, 19, 20, 21, 23, 24, 25, 26, 28, 29, 30, 31, 34, 35, 36, 37, 40, 42, 43, 46, 47, 48, 49, 50, 51, 53, 56, 57, 58, 60, 62, 63, 64, 67, 70, 73, 75, 76, 78, 80, 82, 89, 90, 91, 95, 97, 98]
[3, 4, 4] 3 65 62 [0, 1, 2, 3, 4, 5, 6, 7, 8, 9, 10, 11, 12, 13, 14, 15, 16, 17, 18, 20, 22, 24, 25, 26, 29, 30, 31, 35, 38, 39, 40, 41, 42, 45, 47, 48, 49, 50, 51, 52, 53, 55, 58, 60, 62, 69, 70, 71, 75, 80, 85, 90, 93, 95, 96, 97, 98, 99]
[5, 5, 6] 3 97 100 [0, 1, 2, 3, 4, 5, 6, 7, 9, 10, 11, 12, 15, 16, 17, 18, 20, 21, 22, 23, 24, 25, 26, 27, 28, 29, 30, 32, 33, 34, 36, 37, 38, 40, 42, 43, 44, 45, 48, 50, 52, 54, 55, 56, 59, 60, 61, 65, 66, 70, 72, 75, 77, 78, 83, 88, 90, 92, 94]
[1, 2, 4] 2 44 42 [0, 1, 2, 3, 4, 5, 6, 7, 8, 9, 10, 11, 13, 14, 15, 16, 17, 18, 20, 22, 23, 24, 25, 26, 27, 28, 29, 30, 31, 32, 33, 34, 35, 36, 38, 40, 42, 47, 49, 50, 51, 53, 57, 58, 59, 60, 61, 62, 63, 65, 67, 68, 70, 72, 77, 80, 83, 85, 90, 94, 95, 97, 99]
[1, 3, 3] 2 77 79 [1, 2, 3, 4, 5, 6, 7, 8, 9, 10, 11, 12, 13, 14, 15, 16, 17, 18, 20, 22, 24, 25, 26, 27, 29, 30, 31, 32, 35, 36, 38, 39, 40, 41, 42, 44, 47, 48, 50, 52, 53, 55, 56, 57, 58, 59, 60, 61, 62, 63, 65, 68, 70, 72, 74, 75, 79, 80, 81, 86, 88, 90, 92, 94, 96, 97]
[1, 3, 5] 2 44 42 [0, 1, 2, 3, 4, 5, 6, 7, 8, 9, 10, 11, 13, 14, 15, 16, 17, 18, 20, 22, 23, 24, 25, 26, 27, 28, 29, 30, 31, 32, 33, 34, 35, 36, 38, 40, 42, 47, 49, 50, 51, 53, 57, 58, 59, 60, 61, 62, 63, 65, 67, 68, 70, 72, 77, 80, 83, 85, 90, 94, 95, 97, 99]
[1, 4, 5] 2 67 65 [1, 2, 3, 4, 5, 6, 7, 8, 9, 10, 12, 14, 15, 16, 17, 18, 19, 20, 21, 23, 24, 25, 26, 28, 30, 32, 34, 35, 36, 37, 40, 43, 45, 46, 47, 48, 50, 52, 53, 54, 57, 58, 59, 60, 61, 62, 63, 65, 70, 75, 79, 80, 81, 85, 90, 92, 94, 98]
[2, 3, 3] 2 67 65 [1, 2, 3, 4, 5, 6, 7, 8, 9, 10, 12, 14, 15, 16, 17, 18, 19, 20, 21, 23, 24, 25, 26, 28, 30, 32, 34, 35, 36, 37, 40, 43, 45, 46, 47, 48, 50, 52, 53, 54, 57, 58, 59, 60, 61, 62, 63, 65, 70, 75, 79, 80, 81, 85, 90, 92, 94, 98]
[2, 4, 5] 2 77 79 [1, 2, 3, 4, 5, 6, 7, 8, 9, 10, 11, 12, 13, 14, 15, 16, 17, 18, 20, 22, 24, 25, 26, 27, 29, 30, 31, 32, 35, 36, 38, 39, 40, 41, 42, 44, 47, 48, 50, 52, 53, 55, 56, 57, 58, 59, 60, 61, 62, 63, 65, 68, 70, 72, 74, 75, 79, 80, 81, 86, 88, 90, 92, 94, 96, 97]
[3, 3, 5] 2 44 42 [0, 1, 2, 3, 4, 5, 6, 7, 8, 9, 10, 11, 13, 14, 15, 16, 17, 18, 20, 22, 23, 24, 25, 26, 27, 28, 29, 30, 31, 32, 33, 34, 35, 36, 38, 40, 42, 47, 49, 50, 51, 53, 57, 58, 59, 60, 61, 62, 63, 65, 67, 68, 70, 72, 77, 80, 83, 85, 90, 94, 95, 97, 99]
[3, 4, 5] 2 77 79 [1, 2, 3, 4, 5, 6, 7, 8, 9, 10, 11, 12, 13, 14, 15, 16, 17, 18, 20, 22, 24, 25, 26, 27, 29, 30, 31, 32, 35, 36, 38, 39, 40, 41, 42, 44, 47, 48, 50, 52, 53, 55, 56, 57, 58, 59, 60, 61, 62, 63, 65, 68, 70, 72, 74, 75, 79, 80, 81, 86, 88, 90, 92, 94, 96, 97]
[4, 4, 6] 2 44 42 [0, 1, 2, 3, 4, 5, 6, 7, 8, 9, 10, 11, 13, 14, 15, 16, 17, 18, 20, 22, 23, 24, 25, 26, 27, 28, 29, 30, 31, 32, 33, 34, 35, 36, 38, 40, 42, 47, 49, 50, 51, 53, 57, 58, 59, 60, 61, 62, 63, 65, 67, 68, 70, 72, 77, 80, 83, 85, 90, 94, 95, 97, 99]
[4, 6, 6] 2 43 45 [1, 2, 3, 4, 5, 6, 7, 8, 9, 10, 11, 12, 13, 14, 15, 17, 18, 19, 20, 21, 22, 23, 24, 25, 27, 28, 30, 32, 34, 35, 36, 38, 39, 40, 41, 45, 46, 47, 48, 50, 52, 53, 54, 55, 56, 57, 60, 63, 64, 68, 70, 72, 73, 74, 77, 80, 83, 86, 90, 92, 95, 96, 98]
[5, 5, 5] 2 53 55 [0, 1, 2, 3, 4, 5, 6, 7, 8, 9, 10, 11, 12, 13, 14, 15, 16, 17, 18, 20, 21, 22, 23, 25, 26, 27, 28, 30, 33, 34, 35, 37, 40, 43, 44, 45, 46, 49, 50, 51, 55, 56, 58, 60, 62, 64, 65, 67, 70, 73, 75, 78, 80, 82, 85, 90, 94, 95, 97]
